10 1 200 0.001 0.169106244289
10 1 200 0.005 0.226720560758
10 1 200 0.01 0.354970685137
10 1 200 0.1 0.0857750866195
10 1 200 0.5 0.35638979624
10 1 300 0.001 0.180226918843
10 1 300 0.005 0.123955489634
10 1 300 0.01 0.253372627306
10 1 300 0.1 0.242832758689
10 1 300 0.5 0.382626915808
10 1 400 0.001 0.105725162088
10 1 400 0.005 0.277442995321
10 1 400 0.01 0.0887916612089
10 1 400 0.1 0.876813281719
10 1 400 0.5 0.426841174604
20 1 200 0.001 0.223710262311
20 1 200 0.005 0.24751301373
20 1 200 0.01 0.173834563938
20 1 200 0.1 0.196847851084
20 1 200 0.5 0.362140251442
20 1 300 0.001 0.442312775001
20 1 300 0.005 0.21883297414
20 1 300 0.01 0.123002498284
20 1 300 0.1 0.248430669383
20 1 300 0.5 0.498736150623
20 1 400 0.001 0.0864376752449
20 1 400 0.005 0.532379785684
20 1 400 0.01 0.813828119288
20 1 400 0.1 0.100798379666
20 1 400 0.5 0.397757355675
30 1 200 0.001 0.35881562506
30 1 200 0.005 0.302332886694
30 1 200 0.01 0.360797721815
30 1 200 0.1 0.390345571802
30 1 200 0.5 0.325898510117
30 1 300 0.001 0.61572413326
30 1 300 0.005 0.304416972291
30 1 300 0.01 0.0965725522513
30 1 300 0.1 0.419766778762
30 1 300 0.5 0.697554006242
30 1 400 0.001 0.554583533105
30 1 400 0.005 0.137087587769
30 1 400 0.01 0.194722726848
30 1 400 0.1 0.807921552872
30 1 400 0.5 0.346833715368
