10 1 200 0.001 0.159338720775
10 1 200 0.005 0.340341257859
10 1 200 0.01 0.191746349217
10 1 200 0.1 0.146876629895
10 1 200 0.5 0.0569343355249
10 1 300 0.001 0.267760031233
10 1 300 0.005 0.111929059977
10 1 300 0.01 0.204941633002
10 1 300 0.1 0.135441855373
10 1 300 0.5 0.0161138043587
10 1 400 0.001 0.384351877602
10 1 400 0.005 0.141107856844
10 1 400 0.01 0.153970665666
10 1 400 0.1 0.243243622746
10 1 400 0.5 0.0940428370486
20 1 200 0.001 0.149570888634
20 1 200 0.005 0.209053654507
20 1 200 0.01 0.407839923579
20 1 200 0.1 0.0692493171205
20 1 200 0.5 0.137103797155
20 1 300 0.001 0.401126959352
20 1 300 0.005 0.0951360422998
20 1 300 0.01 0.338544612077
20 1 300 0.1 0.217806688608
20 1 300 0.5 0.159960099691
20 1 400 0.001 0.311103134549
20 1 400 0.005 0.155318501939
20 1 400 0.01 0.139579061416
20 1 400 0.1 0.197468632
20 1 400 0.5 0.264734131003
30 1 200 0.001 0.647190573046
30 1 200 0.005 0.241316406177
30 1 200 0.01 0.29614260316
30 1 200 0.1 0.0163840002725
30 1 200 0.5 0.434320227169
30 1 300 0.001 0.22552103939
30 1 300 0.005 0.178393113084
30 1 300 0.01 0.44545763845
30 1 300 0.1 0.253239645873
30 1 300 0.5 0.226711470806
30 1 400 0.001 0.201603626029
30 1 400 0.005 0.124795930137
30 1 400 0.01 0.580270352957
30 1 400 0.1 0.296985426159
30 1 400 0.5 0.317464120996
