sequence	dino score	matijao score	viktor score
dka;	4.0	3.5	3.8
ohba	4.5	4.5	4.2
c5A4	3.0	3.0	3.5
u3Sd	3.5	3.5	3.4
2T3e	3.5	3.0	3.0
f3KH	3.5	3.5	3.3
bppg	4.5	4.0	4.5
hhsf	5.0	4.5	4.8
uYPi	3.5	3.5	3.3
hC1j	3.0	3.5	3.0
kpu9	4.0	3.5	3.6
mldD	3.5	3.0	3.4
mlAa	3.5	3.5	3.6
noag	4.5	4.5	4.7
o7VC	3.0	3.0	3.3
spFf	3.5	3.5	3.8
xqCD	3.5	3.0	3.2
rCfo	3.5	3.5	3.5
5sbH	3.5	3.5	2.8
tprU	3.5	4.0	3.7
uhLM	3.5	4.0	3.9
dIcv	4.0	3.5	3.9
eatw	4.5	4.0	4.2
x3ru	4.0	3.5	4.0
7yvl	4.0	4.0	3.3
szGU	3.5	4.0	3.9
pAKy	3.5	3.5	3.2
B6jT	2.5	2.5	2.8
CrbY	3.5	3.0	3.2
ZDZR	4.0	4.0	3.9
HTEo	4.0	4.5	4.1
sFde	4.0	4.0	3.9
Gnbs	4.0	4.0	4.0
kHEt	3.5	4.0	3.8
LITM	4.5	4.5	4.4
AwJU	3.5	3.5	2.7
zfKF	4.0	4.0	3.7
jLnW	3.0	2.5	3.9
ManW	3.5	3.5	3.7
6OoN	2.5	3.0	2.7
O59n	3.5	3.5	2.6
Pibr	4.0	4.0	3.6
IUQY	4.0	4.0	4.1
RDGR	4.5	4.0	4.2
SFDO	4.5	4.5	4.5
T3xK	3.0	2.5	3.8
oAUW	3.5	3.0	3.7
1yBV	3.0	3.0	3.4
RnhW	3.5	3.0	3.8
DXkP	3.5	3.5	3.7
HfYE	3.5	3.5	2.5
Z6RV	3.5	3.5	3.3
w0b8	3.0	3.0	3.4
5x1b	2.5	2.5	3.1
2J3F	3.0	3.0	3.5
43RA	4.0	3.5	3.5
cNr4	3.5	3.5	3.2
5fAL	3.5	3.0	3.6
4u86	4.5	4.5	3.4
2rn7	4.0	4.5	3.9
HL8D	3.5	4.0	4.0
98y2	4.5	4.5	4.2
5d5'	4.0	3.0	3.2
n;;j	4.0	3.5	4.5
gk7[	3.5	3.5	3.9
rok8	4.5	4.5	4.5
qevn	4.0	4.5	4.2
,g7f	3.5	3.5	2.7
ncrr	4.5	4.5	4.7
bo]c	3.5	3.5	3.7
vj0j	4.5	4.5	3.9
=8,=	3.0	3.0	2.0
gsv0	4.0	4.0	3.8
g,9x	4.0	3.5	4.0
92sb	4.0	4.5	4.3
x527	4.0	4.5	4.4
x5n9	4.0	3.5	4.2
hvh,	4.0	3.5	4.5
xqvf	4.0	3.5	4.5
0vrn	4.5	4.5	4.4
/glj	3.5	4.0	4.2
9bia	4.5	5.0	4.0
hi.]	3.0	3.0	3.0
ynb6	4.0	3.5	3.9
ioii	5.0	5.0	4.8
uzz9	4.5	4.5	4.6
fu5p	4.5	4.5	4.5
3zmn	4.0	4.5	4.5
,yc]	3.5	3.5	3.4
61qd	3.5	3.0	3.7
cjf9	4.5	4.5	4.2
f1fk	4.5	4.5	4.5
nlwq	4.5	4.5	4.2
o/kt	3.5	2.5	3.6
61o-	4.0	4.0	2.5
-2ks	3.5	4.0	3.3
,paw	4.5	4.5	4.2
5sue	4.5	4.5	4.3
sc6b	3.5	4.0	3.5
dddd	5.0	5.0	4.7
74z]	3.0	3.0	3.1
u8\m	2.5	2.5	2.0
e2m]	3.0	3.0	3.0
4/h-	3.0	2.5	3.2
p9s,	4.0	3.5	4.0
ubl,	4.0	4.5	4.5
4e1-	4.0	4.0	4.0
hr1s	4.0	4.5	4.2
j5d&	3.5	3.5	2.5
ATYl	4.0	3.5	3.8
k(Uh	3.0	3.0	3.4
rLhj	3.5	4.0	3.0
"?mr	3.0	3.0	2.8
Ga(R	2.5	2.5	3.3
G:a@	2.0	3.0	2.6
L|tQ	1.5	2.0	1.8
770b	3.5	4.0	3.3
4{}O	4.0	4.0	3.0
<$3G	3.0	3.0	2.5
,7S=	2.5	2.5	2.4
+24r	3.5	3.0	3.3
c/;^	3.5	2.5	2.3
zV2s	3.5	3.0	3.3
Y6"p	3.0	2.0	2.7
=uny	4.0	3.5	3.2
C#U!	3.5	3.5	3.4
zDby	3.5	3.5	3.8
nnI7	3.5	3.0	4.0
tAMf	3.5	4.0	4.0
WFV_	3.5	3.5	3.7
:tws	4.0	4.0	3.8
I#ra	3.5	4.0	3.6
o[o8	3.5	3.5	3.3
>$bA	3.0	3.0	3.5
T$+n	3.5	4.0	3.0
5hS0	3.5	3.5	3.4
&drL	3.5	3.5	3.4
nvD)	3.5	3.5	3.3
0v_M	3.5	4.0	3.4
u:b/	3.0	2.5	3.2
53U{	3.0	3.0	3.1
0^tT	3.0	3.0	2.7
^K-!	2.5	3.0	2.5
bTE$	3.5	2.5	2.8
giFZ	3.5	3.5	3.6
-u(^	3.0	2.5	3.2
ahea	5.0	5.0	4.5
l}r9	3.0	3.5	3.2
kHl}	2.5	2.5	3.0
FG{Y	3.5	3.0	3.4
[We@	2.5	3.0	3.7
o)NC	3.5	3.5	4.0
1*&-	3.0	3.5	1.5
;xbJ	3.5	3.5	3.7
wVuk	3.0	3.0	4.0
w')r	3.5	3.5	3.3
C))h	4.0	4.0	3.6
Rlj\	3.0	3.0	2.8
]<\Z	2.0	2.0	2.0
,00T	3.5	4.0	3.8
8vcX	3.5	3.5	3.5
VZ<P	4.5	4.0	4.1
}pQx	3.0	3.0	3.3
z.Hw	3.5	3.5	3.0
eT5S	3.0	3.0	3.0
1EEX	3.5	3.0	3.8
G(>u	2.5	2.5	2.5
VGx@	3.0	3.0	2.8
oyLh	3.5	3.5	3.2
p@y'	3.5	3.0	3.5
3\CX	3.5	3.0	2.7
ixZZ	4.0	3.5	4.0
YYVh	4.0	4.0	4.2
pH%V	3.5	3.0	3.8
4h9|	3.0	3.5	3.3
cLhU	3.0	3.0	3.4
.+{H	3.0	2.5	3.0
hRHG	4.0	4.0	4.0
Y)Z#	3.5	3.5	3.4
yBB9	3.5	3.5	4.2
I<lc	3.0	3.0	3.7
<-D]	2.5	2.0	3.0
"JSg	3.5	4.0	3.4
+8Oa	3.0	3.0	2.5
ch[m	3.5	3.5	3.7
'Hus	3.5	3.5	3.5
IM'}	3.0	3.0	3.4
\0Hp	3.5	3.0	2.9
|rbL	3.0	3.5	3.5
&*U-	3.0	3.0	3.2
;Myt	3.5	3.5	3.9
o-dB	4.0	4.0	4.1
910r	4.5	4.5	4.5
<2MN	3.5	4.0	4.6
,NKG	4.5	4.5	4.5
ND?&	3.5	3.0	3.7
#caq	3.5	3.5	3.8
Y@ez	3.5	3.5	3.7
@#;7	3.5	4.0	3.0
Wm_=	3.0	3.0	3.3
