[10, 1] 50 0.01 : 308.63377921
[10, 1] 50 0.02 : 400.438350714
[10, 1] 50 0.05 : 266.761806921
[10, 1] 50 0.1 : 427.931652708
[10, 1] 50 0.2 : 323.381158018
[10, 1] 50 0.5 : 445.133903509
[10, 1] 100 0.01 : 328.929149747
[10, 1] 100 0.02 : 439.528995584
[10, 1] 100 0.05 : 296.742770137
[10, 1] 100 0.1 : 316.325721334
[10, 1] 100 0.2 : 433.917528355
[10, 1] 100 0.5 : 279.457320792
[10, 1] 200 0.01 : 393.576323756
[10, 1] 200 0.02 : 308.367914073
[10, 1] 200 0.05 : 400.924546108
[10, 1] 200 0.1 : 267.210144284
[10, 1] 200 0.2 : 428.3530247
[10, 1] 200 0.5 : 323.432456446
[10, 1] 300 0.01 : 447.187500643
[10, 1] 300 0.02 : 326.704817936
[10, 1] 300 0.05 : 438.983823785
[10, 1] 300 0.1 : 295.242630078
[10, 1] 300 0.2 : 316.216342985
[10, 1] 300 0.5 : 433.663207351
[10, 1] 400 0.01 : 280.610268707
[10, 1] 400 0.02 : 392.611172476
[10, 1] 400 0.05 : 308.242387325
[10, 1] 400 0.1 : 402.86589095
[10, 1] 400 0.2 : 267.162190187
[10, 1] 400 0.5 : 426.893249669
[10, 1] 500 0.01 : 325.976358271
[10, 1] 500 0.02 : 445.563634501
[10, 1] 500 0.05 : 329.802342843
[10, 1] 500 0.1 : 439.890000717
[10, 1] 500 0.2 : 295.507680483
[10, 1] 500 0.5 : 317.290075937
[20, 1] 50 0.01 : 435.899776816
[20, 1] 50 0.02 : 280.75252058
[20, 1] 50 0.05 : 393.481228436
[20, 1] 50 0.1 : 308.337410329
[20, 1] 50 0.2 : 401.429929782
[20, 1] 50 0.5 : 266.626328411
[20, 1] 100 0.01 : 428.111196436
[20, 1] 100 0.02 : 324.882358781
[20, 1] 100 0.05 : 447.446016702
[20, 1] 100 0.1 : 328.976586082
[20, 1] 100 0.2 : 438.620174132
[20, 1] 100 0.5 : 296.537360069
[20, 1] 200 0.01 : 317.407820068
[20, 1] 200 0.02 : 435.19997884
[20, 1] 200 0.05 : 282.262693338
[20, 1] 200 0.1 : 393.730000062
[20, 1] 200 0.2 : 309.700535465
[20, 1] 200 0.5 : 403.369004344
[20, 1] 300 0.01 : 267.316325059
[20, 1] 300 0.02 : 429.742018447
[20, 1] 300 0.05 : 325.523936847
[20, 1] 300 0.1 : 447.012477671
[20, 1] 300 0.2 : 329.618122752
[20, 1] 300 0.5 : 440.306755441
[20, 1] 400 0.01 : 297.290491146
[20, 1] 400 0.02 : 316.947388483
[20, 1] 400 0.05 : 436.464454148
[20, 1] 400 0.1 : 280.705406939
[20, 1] 400 0.2 : 393.337066212
[20, 1] 400 0.5 : 308.873707188
[20, 1] 500 0.01 : 402.510371279
[20, 1] 500 0.02 : 266.087123406
[20, 1] 500 0.05 : 429.319966474
[20, 1] 500 0.1 : 326.102361227
[20, 1] 500 0.2 : 445.695518042
[20, 1] 500 0.5 : 328.33506094
[30, 1] 50 0.01 : 438.697224856
[30, 1] 50 0.02 : 295.49499931
[30, 1] 50 0.05 : 318.653314912
[30, 1] 50 0.1 : 434.266384416
[30, 1] 50 0.2 : 280.540410144
[30, 1] 50 0.5 : 393.395801233
[30, 1] 100 0.01 : 311.103491882
[30, 1] 100 0.02 : 401.89888051
[30, 1] 100 0.05 : 268.513289129
[30, 1] 100 0.1 : 429.254970381
[30, 1] 100 0.2 : 325.215152289
[30, 1] 100 0.5 : 446.472707959
[30, 1] 200 0.01 : 331.93986732
[30, 1] 200 0.02 : 439.819546005
[30, 1] 200 0.05 : 296.565049741
[30, 1] 200 0.1 : 317.244715765
[30, 1] 200 0.2 : 435.89999969
[30, 1] 200 0.5 : 280.837704954
[30, 1] 300 0.01 : 393.449423714
[30, 1] 300 0.02 : 308.928773163
[30, 1] 300 0.05 : 403.193929337
[30, 1] 300 0.1 : 268.219109681
[30, 1] 300 0.2 : 430.372979381
[30, 1] 300 0.5 : 325.813070445
[30, 1] 400 0.01 : 447.495851409
[30, 1] 400 0.02 : 330.052428197
[30, 1] 400 0.05 : 439.890000101
[30, 1] 400 0.1 : 298.791883396
[30, 1] 400 0.2 : 317.188557014
[30, 1] 400 0.5 : 438.251857445
[30, 1] 500 0.01 : 280.65707823
[30, 1] 500 0.02 : 393.36361515
[30, 1] 500 0.05 : 310.921087187
[30, 1] 500 0.1 : 403.552422927
[30, 1] 500 0.2 : 270.039894248
[30, 1] 500 0.5 : 429.789905647
[40, 1] 50 0.01 : 324.292050674
[40, 1] 50 0.02 : 446.633844258
[40, 1] 50 0.05 : 329.065911119
[40, 1] 50 0.1 : 439.890000003
[40, 1] 50 0.2 : 297.790102866
[40, 1] 50 0.5 : 316.754778468
[40, 1] 100 0.01 : 434.926488643
[40, 1] 100 0.02 : 281.200593127
[40, 1] 100 0.05 : 394.303813636
[40, 1] 100 0.1 : 309.872508185
[40, 1] 100 0.2 : 403.81837203
[40, 1] 100 0.5 : 266.839576651
[40, 1] 200 0.01 : 429.184725368
[40, 1] 200 0.02 : 325.610484814
[40, 1] 200 0.05 : 446.591318356
[40, 1] 200 0.1 : 330.023504703
[40, 1] 200 0.2 : 439.645936993
[40, 1] 200 0.5 : 298.166300256
[40, 1] 300 0.01 : 317.132783246
[40, 1] 300 0.02 : 436.024815443
[40, 1] 300 0.05 : 281.574553833
[40, 1] 300 0.1 : 395.048761106
[40, 1] 300 0.2 : 310.03105991
[40, 1] 300 0.5 : 401.967744434
[40, 1] 400 0.01 : 268.807037056
[40, 1] 400 0.02 : 431.189751086
[40, 1] 400 0.05 : 325.960362334
[40, 1] 400 0.1 : 447.415714402
[40, 1] 400 0.2 : 330.382902345
[40, 1] 400 0.5 : 439.466731672
[40, 1] 500 0.01 : 298.063881386
[40, 1] 500 0.02 : 317.892940342
[40, 1] 500 0.05 : 435.615708947
[40, 1] 500 0.1 : 281.960994108
[40, 1] 500 0.2 : 394.950075638
[40, 1] 500 0.5 : 309.232694533
[50, 1] 50 0.01 : 402.500127544
[50, 1] 50 0.02 : 267.485000212
[50, 1] 50 0.05 : 428.728288399
[50, 1] 50 0.1 : 325.27802206
[50, 1] 50 0.2 : 447.187500288
[50, 1] 50 0.5 : 328.712169171
[50, 1] 100 0.01 : 439.273226324
[50, 1] 100 0.02 : 297.022600254
[50, 1] 100 0.05 : 317.224550497
[50, 1] 100 0.1 : 435.365329414
[50, 1] 100 0.2 : 282.530573285
[50, 1] 100 0.5 : 393.903336097
[50, 1] 200 0.01 : 312.400656851
[50, 1] 200 0.02 : 402.488342914
[50, 1] 200 0.05 : 266.769623145
[50, 1] 200 0.1 : 428.891812777
[50, 1] 200 0.2 : 325.103314702
[50, 1] 200 0.5 : 446.754213934
[50, 1] 300 0.01 : 331.35378847
[50, 1] 300 0.02 : 439.913805764
[50, 1] 300 0.05 : 297.30618376
[50, 1] 300 0.1 : 317.046606389
[50, 1] 300 0.2 : 435.726648513
[50, 1] 300 0.5 : 280.225497905
[50, 1] 400 0.01 : 394.975324078
[50, 1] 400 0.02 : 311.297862074
[50, 1] 400 0.05 : 402.163842731
[50, 1] 400 0.1 : 268.096610739
[50, 1] 400 0.2 : 429.45468331
[50, 1] 400 0.5 : 325.050105214
[50, 1] 500 0.01 : 447.590566518
[50, 1] 500 0.02 : 329.168182807
[50, 1] 500 0.05 : 439.890012961
[50, 1] 500 0.1 : 295.73522042
[50, 1] 500 0.2 : 317.169329772
[50, 1] 500 0.5 : 434.925098447
