2.399999999999999911e+00 3.400000000000000355e+00 0.000000000000000000e+00 2.399999999999999911e+00 9.400000000000000355e+00 0.000000000000000000e+00 2.399999999999999911e+00 1.000000000000000000e+00 0.000000000000000000e+00 2.399999999999999911e+00 1.179999999999999893e+01 0.000000000000000000e+00
1.199999999999999956e+00 1.019999999999999929e+01 0.000000000000000000e+00 2.399999999999999911e+00 7.000000000000000888e+00 0.000000000000000000e+00 3.599999999999999645e+00 6.400000000000000355e+00 0.000000000000000000e+00 2.399999999999999911e+00 1.000000000000000000e+00 0.000000000000000000e+00
3.599999999999999645e+00 4.000000000000000000e+00 0.000000000000000000e+00 0.000000000000000000e+00 4.799999999999999822e+00 0.000000000000000000e+00 2.399999999999999911e+00 1.000000000000000000e+00 1.000000000000000000e+00 0.000000000000000000e+00 3.599999999999999645e+00 0.000000000000000000e+00
1.199999999999999956e+00 7.800000000000000711e+00 0.000000000000000000e+00 0.000000000000000000e+00 2.399999999999999911e+00 0.000000000000000000e+00 2.399999999999999911e+00 2.200000000000000178e+00 1.000000000000000000e+00 2.399999999999999911e+00 3.400000000000000355e+00 0.000000000000000000e+00
0.000000000000000000e+00 1.199999999999999956e+00 0.000000000000000000e+00 1.199999999999999956e+00 5.400000000000000355e+00 1.000000000000000000e+00 0.000000000000000000e+00 2.399999999999999911e+00 0.000000000000000000e+00 1.199999999999999956e+00 3.000000000000000000e+00 0.000000000000000000e+00
2.399999999999999911e+00 4.600000000000000533e+00 0.000000000000000000e+00 0.000000000000000000e+00 2.399999999999999911e+00 0.000000000000000000e+00 2.399999999999999911e+00 9.400000000000000355e+00 1.000000000000000000e+00 2.399999999999999911e+00 7.000000000000000888e+00 1.000000000000000000e+00
3.599999999999999645e+00 6.400000000000000355e+00 0.000000000000000000e+00 1.199999999999999956e+00 1.139999999999999858e+01 0.000000000000000000e+00 1.199999999999999956e+00 1.139999999999999858e+01 0.000000000000000000e+00 2.399999999999999911e+00 5.800000000000000711e+00 0.000000000000000000e+00
2.399999999999999911e+00 7.000000000000000888e+00 0.000000000000000000e+00 2.399999999999999911e+00 7.000000000000000888e+00 0.000000000000000000e+00 2.399999999999999911e+00 2.200000000000000178e+00 0.000000000000000000e+00 2.399999999999999911e+00 4.600000000000000533e+00 0.000000000000000000e+00
1.199999999999999956e+00 7.800000000000000711e+00 0.000000000000000000e+00 1.199999999999999956e+00 6.600000000000000533e+00 1.000000000000000000e+00 1.199999999999999956e+00 1.139999999999999858e+01 1.000000000000000000e+00 1.199999999999999956e+00 9.000000000000000000e+00 0.000000000000000000e+00
2.399999999999999911e+00 7.000000000000000888e+00 0.000000000000000000e+00 3.599999999999999645e+00 4.000000000000000000e+00 1.000000000000000000e+00 0.000000000000000000e+00 0.000000000000000000e+00 0.000000000000000000e+00 2.399999999999999911e+00 8.200000000000001066e+00 0.000000000000000000e+00
2.399999999999999911e+00 9.400000000000000355e+00 0.000000000000000000e+00 1.199999999999999956e+00 1.139999999999999858e+01 0.000000000000000000e+00 1.199999999999999956e+00 7.800000000000000711e+00 0.000000000000000000e+00 0.000000000000000000e+00 9.599999999999999645e+00 0.000000000000000000e+00
3.599999999999999645e+00 8.800000000000000711e+00 0.000000000000000000e+00 2.399999999999999911e+00 1.059999999999999964e+01 0.000000000000000000e+00 2.399999999999999911e+00 3.400000000000000355e+00 0.000000000000000000e+00 2.399999999999999911e+00 3.400000000000000355e+00 1.000000000000000000e+00
3.599999999999999645e+00 8.800000000000000711e+00 0.000000000000000000e+00 2.399999999999999911e+00 1.059999999999999964e+01 0.000000000000000000e+00 2.399999999999999911e+00 1.000000000000000000e+00 1.000000000000000000e+00 2.399999999999999911e+00 1.000000000000000000e+00 0.000000000000000000e+00
3.599999999999999645e+00 7.600000000000000533e+00 0.000000000000000000e+00 1.199999999999999956e+00 1.019999999999999929e+01 0.000000000000000000e+00 2.399999999999999911e+00 1.000000000000000000e+00 0.000000000000000000e+00 2.399999999999999911e+00 5.800000000000000711e+00 0.000000000000000000e+00
1.199999999999999956e+00 1.019999999999999929e+01 0.000000000000000000e+00 0.000000000000000000e+00 7.200000000000000178e+00 0.000000000000000000e+00 3.599999999999999645e+00 5.200000000000000178e+00 1.000000000000000000e+00 3.599999999999999645e+00 4.000000000000000000e+00 1.000000000000000000e+00
2.399999999999999911e+00 2.200000000000000178e+00 0.000000000000000000e+00 1.199999999999999956e+00 1.139999999999999858e+01 0.000000000000000000e+00 2.399999999999999911e+00 4.600000000000000533e+00 1.000000000000000000e+00 2.399999999999999911e+00 4.600000000000000533e+00 0.000000000000000000e+00
3.599999999999999645e+00 2.799999999999999822e+00 0.000000000000000000e+00 1.199999999999999956e+00 5.999999999999999778e-01 0.000000000000000000e+00 3.599999999999999645e+00 4.000000000000000000e+00 1.000000000000000000e+00 2.399999999999999911e+00 3.400000000000000355e+00 1.000000000000000000e+00
1.199999999999999956e+00 4.200000000000000178e+00 0.000000000000000000e+00 3.599999999999999645e+00 4.000000000000000000e+00 1.000000000000000000e+00 2.399999999999999911e+00 4.600000000000000533e+00 0.000000000000000000e+00 1.199999999999999956e+00 1.019999999999999929e+01 0.000000000000000000e+00
0.000000000000000000e+00 4.799999999999999822e+00 0.000000000000000000e+00 2.399999999999999911e+00 2.200000000000000178e+00 0.000000000000000000e+00 3.599999999999999645e+00 6.400000000000000355e+00 0.000000000000000000e+00 2.399999999999999911e+00 7.000000000000000888e+00 1.000000000000000000e+00
1.199999999999999956e+00 5.400000000000000355e+00 0.000000000000000000e+00 1.199999999999999956e+00 1.139999999999999858e+01 0.000000000000000000e+00 1.199999999999999956e+00 4.200000000000000178e+00 0.000000000000000000e+00 1.199999999999999956e+00 7.800000000000000711e+00 1.000000000000000000e+00
1.199999999999999956e+00 7.800000000000000711e+00 0.000000000000000000e+00 2.399999999999999911e+00 7.000000000000000888e+00 0.000000000000000000e+00 2.399999999999999911e+00 1.059999999999999964e+01 1.000000000000000000e+00 3.599999999999999645e+00 8.800000000000000711e+00 1.000000000000000000e+00
2.399999999999999911e+00 3.400000000000000355e+00 0.000000000000000000e+00 1.199999999999999956e+00 9.000000000000000000e+00 1.000000000000000000e+00 3.599999999999999645e+00 4.000000000000000000e+00 0.000000000000000000e+00 3.599999999999999645e+00 5.200000000000000178e+00 0.000000000000000000e+00
1.199999999999999956e+00 3.000000000000000000e+00 0.000000000000000000e+00 2.399999999999999911e+00 1.000000000000000000e+00 0.000000000000000000e+00 1.199999999999999956e+00 5.400000000000000355e+00 0.000000000000000000e+00 1.199999999999999956e+00 1.799999999999999822e+00 0.000000000000000000e+00
3.599999999999999645e+00 2.799999999999999822e+00 0.000000000000000000e+00 0.000000000000000000e+00 2.399999999999999911e+00 0.000000000000000000e+00 1.199999999999999956e+00 4.200000000000000178e+00 0.000000000000000000e+00 1.199999999999999956e+00 7.800000000000000711e+00 0.000000000000000000e+00
0.000000000000000000e+00 7.200000000000000178e+00 0.000000000000000000e+00 1.199999999999999956e+00 6.600000000000000533e+00 0.000000000000000000e+00 3.599999999999999645e+00 5.200000000000000178e+00 0.000000000000000000e+00 2.399999999999999911e+00 1.059999999999999964e+01 0.000000000000000000e+00
2.399999999999999911e+00 2.200000000000000178e+00 0.000000000000000000e+00 3.599999999999999645e+00 1.600000000000000089e+00 0.000000000000000000e+00 2.399999999999999911e+00 5.800000000000000711e+00 1.000000000000000000e+00 1.199999999999999956e+00 7.800000000000000711e+00 1.000000000000000000e+00
1.199999999999999956e+00 1.139999999999999858e+01 0.000000000000000000e+00 2.399999999999999911e+00 1.000000000000000000e+00 1.000000000000000000e+00 2.399999999999999911e+00 9.400000000000000355e+00 1.000000000000000000e+00 1.199999999999999956e+00 6.600000000000000533e+00 0.000000000000000000e+00
3.599999999999999645e+00 6.400000000000000355e+00 1.000000000000000000e+00 0.000000000000000000e+00 6.000000000000000000e+00 0.000000000000000000e+00 2.399999999999999911e+00 8.200000000000001066e+00 0.000000000000000000e+00 1.199999999999999956e+00 5.400000000000000355e+00 1.000000000000000000e+00
3.599999999999999645e+00 4.000000000000000000e+00 1.000000000000000000e+00 1.199999999999999956e+00 4.200000000000000178e+00 0.000000000000000000e+00 3.599999999999999645e+00 6.400000000000000355e+00 0.000000000000000000e+00 1.199999999999999956e+00 6.600000000000000533e+00 1.000000000000000000e+00
3.599999999999999645e+00 1.600000000000000089e+00 1.000000000000000000e+00 2.399999999999999911e+00 3.400000000000000355e+00 1.000000000000000000e+00 3.599999999999999645e+00 1.600000000000000089e+00 1.000000000000000000e+00 1.199999999999999956e+00 4.200000000000000178e+00 1.000000000000000000e+00
2.399999999999999911e+00 7.000000000000000888e+00 1.000000000000000000e+00 1.199999999999999956e+00 5.400000000000000355e+00 1.000000000000000000e+00 1.199999999999999956e+00 3.000000000000000000e+00 1.000000000000000000e+00 1.199999999999999956e+00 1.019999999999999929e+01 0.000000000000000000e+00
2.399999999999999911e+00 2.200000000000000178e+00 0.000000000000000000e+00 2.399999999999999911e+00 4.600000000000000533e+00 1.000000000000000000e+00 2.399999999999999911e+00 3.400000000000000355e+00 0.000000000000000000e+00 1.199999999999999956e+00 3.000000000000000000e+00 0.000000000000000000e+00
2.399999999999999911e+00 5.800000000000000711e+00 1.000000000000000000e+00 3.599999999999999645e+00 7.600000000000000533e+00 0.000000000000000000e+00 3.599999999999999645e+00 6.400000000000000355e+00 0.000000000000000000e+00 2.399999999999999911e+00 2.200000000000000178e+00 0.000000000000000000e+00
2.399999999999999911e+00 9.400000000000000355e+00 0.000000000000000000e+00 2.399999999999999911e+00 7.000000000000000888e+00 1.000000000000000000e+00 1.199999999999999956e+00 3.000000000000000000e+00 1.000000000000000000e+00 1.199999999999999956e+00 5.400000000000000355e+00 0.000000000000000000e+00
2.399999999999999911e+00 1.059999999999999964e+01 1.000000000000000000e+00 1.199999999999999956e+00 9.000000000000000000e+00 1.000000000000000000e+00 1.199999999999999956e+00 5.400000000000000355e+00 1.000000000000000000e+00 3.599999999999999645e+00 8.800000000000000711e+00 1.000000000000000000e+00
2.399999999999999911e+00 1.000000000000000000e+00 1.000000000000000000e+00 1.199999999999999956e+00 1.799999999999999822e+00 0.000000000000000000e+00 2.399999999999999911e+00 8.200000000000001066e+00 1.000000000000000000e+00 1.199999999999999956e+00 7.800000000000000711e+00 1.000000000000000000e+00
3.599999999999999645e+00 1.600000000000000089e+00 0.000000000000000000e+00 2.399999999999999911e+00 4.600000000000000533e+00 0.000000000000000000e+00 2.399999999999999911e+00 9.400000000000000355e+00 1.000000000000000000e+00 2.399999999999999911e+00 4.600000000000000533e+00 1.000000000000000000e+00
2.399999999999999911e+00 8.200000000000001066e+00 0.000000000000000000e+00 2.399999999999999911e+00 1.059999999999999964e+01 1.000000000000000000e+00 3.599999999999999645e+00 7.600000000000000533e+00 0.000000000000000000e+00 1.199999999999999956e+00 1.799999999999999822e+00 1.000000000000000000e+00
3.599999999999999645e+00 8.800000000000000711e+00 1.000000000000000000e+00 2.399999999999999911e+00 1.000000000000000000e+00 0.000000000000000000e+00 3.599999999999999645e+00 7.600000000000000533e+00 0.000000000000000000e+00 1.199999999999999956e+00 1.799999999999999822e+00 1.000000000000000000e+00
0.000000000000000000e+00 6.000000000000000000e+00 0.000000000000000000e+00 1.199999999999999956e+00 1.019999999999999929e+01 1.000000000000000000e+00 1.199999999999999956e+00 1.019999999999999929e+01 0.000000000000000000e+00 3.599999999999999645e+00 7.600000000000000533e+00 1.000000000000000000e+00
1.199999999999999956e+00 1.019999999999999929e+01 1.000000000000000000e+00 0.000000000000000000e+00 4.799999999999999822e+00 0.000000000000000000e+00 0.000000000000000000e+00 9.599999999999999645e+00 0.000000000000000000e+00 3.599999999999999645e+00 7.600000000000000533e+00 0.000000000000000000e+00
1.199999999999999956e+00 1.139999999999999858e+01 1.000000000000000000e+00 1.199999999999999956e+00 9.000000000000000000e+00 0.000000000000000000e+00 3.599999999999999645e+00 6.400000000000000355e+00 0.000000000000000000e+00 1.199999999999999956e+00 4.200000000000000178e+00 0.000000000000000000e+00
1.199999999999999956e+00 9.000000000000000000e+00 1.000000000000000000e+00 1.199999999999999956e+00 7.800000000000000711e+00 1.000000000000000000e+00 1.199999999999999956e+00 5.999999999999999778e-01 1.000000000000000000e+00 1.199999999999999956e+00 6.600000000000000533e+00 1.000000000000000000e+00
1.199999999999999956e+00 4.200000000000000178e+00 1.000000000000000000e+00 2.399999999999999911e+00 3.400000000000000355e+00 1.000000000000000000e+00 2.399999999999999911e+00 5.800000000000000711e+00 1.000000000000000000e+00 1.199999999999999956e+00 4.200000000000000178e+00 1.000000000000000000e+00
2.399999999999999911e+00 2.200000000000000178e+00 1.000000000000000000e+00 2.399999999999999911e+00 4.600000000000000533e+00 1.000000000000000000e+00 2.399999999999999911e+00 3.400000000000000355e+00 1.000000000000000000e+00 1.199999999999999956e+00 1.019999999999999929e+01 1.000000000000000000e+00
1.199999999999999956e+00 5.400000000000000355e+00 1.000000000000000000e+00 0.000000000000000000e+00 2.399999999999999911e+00 0.000000000000000000e+00 3.599999999999999645e+00 2.799999999999999822e+00 0.000000000000000000e+00 2.399999999999999911e+00 9.400000000000000355e+00 1.000000000000000000e+00
1.199999999999999956e+00 1.019999999999999929e+01 0.000000000000000000e+00 2.399999999999999911e+00 1.000000000000000000e+00 1.000000000000000000e+00 1.199999999999999956e+00 7.800000000000000711e+00 1.000000000000000000e+00 1.199999999999999956e+00 1.799999999999999822e+00 1.000000000000000000e+00
0.000000000000000000e+00 0.000000000000000000e+00 0.000000000000000000e+00 1.199999999999999956e+00 6.600000000000000533e+00 0.000000000000000000e+00 3.599999999999999645e+00 6.400000000000000355e+00 1.000000000000000000e+00 3.599999999999999645e+00 5.200000000000000178e+00 1.000000000000000000e+00
1.199999999999999956e+00 4.200000000000000178e+00 1.000000000000000000e+00 3.599999999999999645e+00 7.600000000000000533e+00 0.000000000000000000e+00 2.399999999999999911e+00 7.000000000000000888e+00 0.000000000000000000e+00 1.199999999999999956e+00 1.799999999999999822e+00 1.000000000000000000e+00
2.399999999999999911e+00 3.400000000000000355e+00 1.000000000000000000e+00 3.599999999999999645e+00 2.799999999999999822e+00 1.000000000000000000e+00 2.399999999999999911e+00 9.400000000000000355e+00 0.000000000000000000e+00 1.199999999999999956e+00 1.139999999999999858e+01 1.000000000000000000e+00
2.399999999999999911e+00 7.000000000000000888e+00 1.000000000000000000e+00 2.399999999999999911e+00 4.600000000000000533e+00 0.000000000000000000e+00 1.199999999999999956e+00 6.600000000000000533e+00 1.000000000000000000e+00 1.199999999999999956e+00 3.000000000000000000e+00 1.000000000000000000e+00
3.599999999999999645e+00 1.600000000000000089e+00 1.000000000000000000e+00 0.000000000000000000e+00 6.000000000000000000e+00 0.000000000000000000e+00 1.199999999999999956e+00 4.200000000000000178e+00 1.000000000000000000e+00 3.599999999999999645e+00 5.200000000000000178e+00 1.000000000000000000e+00
1.199999999999999956e+00 1.799999999999999822e+00 0.000000000000000000e+00 0.000000000000000000e+00 1.079999999999999893e+01 0.000000000000000000e+00 3.599999999999999645e+00 6.400000000000000355e+00 0.000000000000000000e+00 0.000000000000000000e+00 8.400000000000000355e+00 0.000000000000000000e+00
0.000000000000000000e+00 4.799999999999999822e+00 0.000000000000000000e+00 3.599999999999999645e+00 2.799999999999999822e+00 0.000000000000000000e+00 0.000000000000000000e+00 0.000000000000000000e+00 0.000000000000000000e+00 3.599999999999999645e+00 6.400000000000000355e+00 0.000000000000000000e+00
0.000000000000000000e+00 1.199999999999999956e+00 0.000000000000000000e+00 2.399999999999999911e+00 8.200000000000001066e+00 1.000000000000000000e+00 0.000000000000000000e+00 2.399999999999999911e+00 0.000000000000000000e+00 2.399999999999999911e+00 4.600000000000000533e+00 1.000000000000000000e+00
0.000000000000000000e+00 3.599999999999999645e+00 0.000000000000000000e+00 0.000000000000000000e+00 2.399999999999999911e+00 0.000000000000000000e+00 1.199999999999999956e+00 4.200000000000000178e+00 1.000000000000000000e+00 2.399999999999999911e+00 1.000000000000000000e+00 1.000000000000000000e+00
3.599999999999999645e+00 4.000000000000000000e+00 0.000000000000000000e+00 3.599999999999999645e+00 7.600000000000000533e+00 1.000000000000000000e+00 1.199999999999999956e+00 4.200000000000000178e+00 0.000000000000000000e+00 0.000000000000000000e+00 3.599999999999999645e+00 0.000000000000000000e+00
0.000000000000000000e+00 4.799999999999999822e+00 0.000000000000000000e+00 2.399999999999999911e+00 4.600000000000000533e+00 0.000000000000000000e+00 2.399999999999999911e+00 1.000000000000000000e+00 1.000000000000000000e+00 2.399999999999999911e+00 1.059999999999999964e+01 1.000000000000000000e+00
0.000000000000000000e+00 3.599999999999999645e+00 0.000000000000000000e+00 1.199999999999999956e+00 7.800000000000000711e+00 0.000000000000000000e+00 0.000000000000000000e+00 8.400000000000000355e+00 0.000000000000000000e+00 0.000000000000000000e+00 6.000000000000000000e+00 0.000000000000000000e+00
0.000000000000000000e+00 1.199999999999999956e+00 0.000000000000000000e+00 1.199999999999999956e+00 4.200000000000000178e+00 0.000000000000000000e+00 3.599999999999999645e+00 7.600000000000000533e+00 0.000000000000000000e+00 0.000000000000000000e+00 7.200000000000000178e+00 0.000000000000000000e+00
2.399999999999999911e+00 7.000000000000000888e+00 1.000000000000000000e+00 2.399999999999999911e+00 1.059999999999999964e+01 1.000000000000000000e+00 0.000000000000000000e+00 8.400000000000000355e+00 0.000000000000000000e+00 2.399999999999999911e+00 3.400000000000000355e+00 1.000000000000000000e+00
0.000000000000000000e+00 9.599999999999999645e+00 0.000000000000000000e+00 0.000000000000000000e+00 8.400000000000000355e+00 0.000000000000000000e+00 1.199999999999999956e+00 6.600000000000000533e+00 0.000000000000000000e+00 0.000000000000000000e+00 1.199999999999999956e+00 0.000000000000000000e+00
0.000000000000000000e+00 4.799999999999999822e+00 0.000000000000000000e+00 2.399999999999999911e+00 3.400000000000000355e+00 0.000000000000000000e+00 0.000000000000000000e+00 4.799999999999999822e+00 0.000000000000000000e+00 2.399999999999999911e+00 1.299999999999999822e+01 0.000000000000000000e+00
3.599999999999999645e+00 7.600000000000000533e+00 0.000000000000000000e+00 2.399999999999999911e+00 1.179999999999999893e+01 0.000000000000000000e+00 2.399999999999999911e+00 1.179999999999999893e+01 0.000000000000000000e+00 2.399999999999999911e+00 8.200000000000001066e+00 0.000000000000000000e+00
2.399999999999999911e+00 5.800000000000000711e+00 0.000000000000000000e+00 2.399999999999999911e+00 9.400000000000000355e+00 0.000000000000000000e+00 0.000000000000000000e+00 7.200000000000000178e+00 0.000000000000000000e+00 1.199999999999999956e+00 1.259999999999999787e+01 0.000000000000000000e+00
1.199999999999999956e+00 4.200000000000000178e+00 0.000000000000000000e+00 1.199999999999999956e+00 1.019999999999999929e+01 0.000000000000000000e+00 2.399999999999999911e+00 9.400000000000000355e+00 0.000000000000000000e+00 0.000000000000000000e+00 8.400000000000000355e+00 0.000000000000000000e+00
1.199999999999999956e+00 5.999999999999999778e-01 0.000000000000000000e+00 1.199999999999999956e+00 3.000000000000000000e+00 0.000000000000000000e+00 3.599999999999999645e+00 5.200000000000000178e+00 0.000000000000000000e+00 3.599999999999999645e+00 7.600000000000000533e+00 0.000000000000000000e+00
3.599999999999999645e+00 1.000000000000000000e+01 0.000000000000000000e+00 2.399999999999999911e+00 5.800000000000000711e+00 0.000000000000000000e+00 0.000000000000000000e+00 7.200000000000000178e+00 0.000000000000000000e+00 2.399999999999999911e+00 4.600000000000000533e+00 0.000000000000000000e+00
3.599999999999999645e+00 7.600000000000000533e+00 0.000000000000000000e+00 3.599999999999999645e+00 4.000000000000000000e+00 0.000000000000000000e+00 1.199999999999999956e+00 4.200000000000000178e+00 0.000000000000000000e+00 1.199999999999999956e+00 4.200000000000000178e+00 0.000000000000000000e+00
3.599999999999999645e+00 6.400000000000000355e+00 0.000000000000000000e+00 1.199999999999999956e+00 1.019999999999999929e+01 0.000000000000000000e+00 1.199999999999999956e+00 1.379999999999999716e+01 0.000000000000000000e+00 3.599999999999999645e+00 4.000000000000000000e+00 0.000000000000000000e+00
3.599999999999999645e+00 5.200000000000000178e+00 0.000000000000000000e+00 2.399999999999999911e+00 8.200000000000001066e+00 0.000000000000000000e+00 0.000000000000000000e+00 1.079999999999999893e+01 0.000000000000000000e+00 2.399999999999999911e+00 8.200000000000001066e+00 0.000000000000000000e+00
0.000000000000000000e+00 1.319999999999999751e+01 0.000000000000000000e+00 0.000000000000000000e+00 8.400000000000000355e+00 0.000000000000000000e+00 3.599999999999999645e+00 1.000000000000000000e+01 0.000000000000000000e+00 0.000000000000000000e+00 1.319999999999999751e+01 0.000000000000000000e+00
2.399999999999999911e+00 5.800000000000000711e+00 0.000000000000000000e+00 2.399999999999999911e+00 2.200000000000000178e+00 0.000000000000000000e+00 3.599999999999999645e+00 5.200000000000000178e+00 0.000000000000000000e+00 0.000000000000000000e+00 1.079999999999999893e+01 0.000000000000000000e+00
2.399999999999999911e+00 5.800000000000000711e+00 0.000000000000000000e+00 3.599999999999999645e+00 1.000000000000000000e+01 0.000000000000000000e+00 0.000000000000000000e+00 9.599999999999999645e+00 0.000000000000000000e+00 3.599999999999999645e+00 2.799999999999999822e+00 0.000000000000000000e+00
0.000000000000000000e+00 9.599999999999999645e+00 0.000000000000000000e+00 0.000000000000000000e+00 1.199999999999999956e+00 0.000000000000000000e+00 2.399999999999999911e+00 2.200000000000000178e+00 0.000000000000000000e+00 3.599999999999999645e+00 6.400000000000000355e+00 0.000000000000000000e+00
3.599999999999999645e+00 2.799999999999999822e+00 0.000000000000000000e+00 0.000000000000000000e+00 4.799999999999999822e+00 0.000000000000000000e+00 0.000000000000000000e+00 1.199999999999999956e+00 0.000000000000000000e+00 0.000000000000000000e+00 7.200000000000000178e+00 0.000000000000000000e+00
3.599999999999999645e+00 2.799999999999999822e+00 0.000000000000000000e+00 0.000000000000000000e+00 4.799999999999999822e+00 0.000000000000000000e+00 3.599999999999999645e+00 7.600000000000000533e+00 0.000000000000000000e+00 0.000000000000000000e+00 9.599999999999999645e+00 0.000000000000000000e+00
2.399999999999999911e+00 7.000000000000000888e+00 0.000000000000000000e+00 3.599999999999999645e+00 5.200000000000000178e+00 0.000000000000000000e+00 2.399999999999999911e+00 7.000000000000000888e+00 0.000000000000000000e+00 3.599999999999999645e+00 1.000000000000000000e+01 0.000000000000000000e+00
3.599999999999999645e+00 2.799999999999999822e+00 0.000000000000000000e+00 1.199999999999999956e+00 5.999999999999999778e-01 0.000000000000000000e+00 3.599999999999999645e+00 5.200000000000000178e+00 0.000000000000000000e+00 2.399999999999999911e+00 4.600000000000000533e+00 0.000000000000000000e+00
0.000000000000000000e+00 1.079999999999999893e+01 0.000000000000000000e+00 3.599999999999999645e+00 5.200000000000000178e+00 0.000000000000000000e+00 1.199999999999999956e+00 4.200000000000000178e+00 0.000000000000000000e+00 3.599999999999999645e+00 7.600000000000000533e+00 0.000000000000000000e+00
3.599999999999999645e+00 1.239999999999999858e+01 0.000000000000000000e+00 2.399999999999999911e+00 5.800000000000000711e+00 0.000000000000000000e+00 2.399999999999999911e+00 1.059999999999999964e+01 0.000000000000000000e+00 2.399999999999999911e+00 8.200000000000001066e+00 0.000000000000000000e+00
0.000000000000000000e+00 9.599999999999999645e+00 0.000000000000000000e+00 3.599999999999999645e+00 6.400000000000000355e+00 0.000000000000000000e+00 1.199999999999999956e+00 9.000000000000000000e+00 0.000000000000000000e+00 2.399999999999999911e+00 1.000000000000000000e+00 0.000000000000000000e+00
2.399999999999999911e+00 7.000000000000000888e+00 0.000000000000000000e+00 1.199999999999999956e+00 9.000000000000000000e+00 0.000000000000000000e+00 3.599999999999999645e+00 1.119999999999999929e+01 0.000000000000000000e+00 1.199999999999999956e+00 1.379999999999999716e+01 0.000000000000000000e+00
1.199999999999999956e+00 6.600000000000000533e+00 0.000000000000000000e+00 3.599999999999999645e+00 7.600000000000000533e+00 0.000000000000000000e+00 3.599999999999999645e+00 6.400000000000000355e+00 0.000000000000000000e+00 0.000000000000000000e+00 6.000000000000000000e+00 0.000000000000000000e+00
1.199999999999999956e+00 9.000000000000000000e+00 0.000000000000000000e+00 1.199999999999999956e+00 1.019999999999999929e+01 0.000000000000000000e+00 1.199999999999999956e+00 9.000000000000000000e+00 0.000000000000000000e+00 1.199999999999999956e+00 9.000000000000000000e+00 0.000000000000000000e+00
1.199999999999999956e+00 7.800000000000000711e+00 0.000000000000000000e+00 3.599999999999999645e+00 1.600000000000000089e+00 0.000000000000000000e+00 3.599999999999999645e+00 1.600000000000000089e+00 0.000000000000000000e+00 0.000000000000000000e+00 9.599999999999999645e+00 0.000000000000000000e+00
2.399999999999999911e+00 4.600000000000000533e+00 0.000000000000000000e+00 1.199999999999999956e+00 7.800000000000000711e+00 0.000000000000000000e+00 0.000000000000000000e+00 4.799999999999999822e+00 0.000000000000000000e+00 1.199999999999999956e+00 1.139999999999999858e+01 0.000000000000000000e+00
0.000000000000000000e+00 2.399999999999999911e+00 0.000000000000000000e+00 3.599999999999999645e+00 1.600000000000000089e+00 0.000000000000000000e+00 3.599999999999999645e+00 8.800000000000000711e+00 0.000000000000000000e+00 3.599999999999999645e+00 7.600000000000000533e+00 0.000000000000000000e+00
3.599999999999999645e+00 1.000000000000000000e+01 0.000000000000000000e+00 1.199999999999999956e+00 6.600000000000000533e+00 0.000000000000000000e+00 3.599999999999999645e+00 4.000000000000000000e+00 0.000000000000000000e+00 1.199999999999999956e+00 1.379999999999999716e+01 0.000000000000000000e+00
0.000000000000000000e+00 6.000000000000000000e+00 0.000000000000000000e+00 0.000000000000000000e+00 0.000000000000000000e+00 0.000000000000000000e+00 1.199999999999999956e+00 5.999999999999999778e-01 0.000000000000000000e+00 2.399999999999999911e+00 3.400000000000000355e+00 0.000000000000000000e+00
3.599999999999999645e+00 4.000000000000000000e+00 0.000000000000000000e+00 2.399999999999999911e+00 8.200000000000001066e+00 0.000000000000000000e+00 2.399999999999999911e+00 4.600000000000000533e+00 0.000000000000000000e+00 0.000000000000000000e+00 9.599999999999999645e+00 0.000000000000000000e+00
2.399999999999999911e+00 4.600000000000000533e+00 0.000000000000000000e+00 0.000000000000000000e+00 0.000000000000000000e+00 0.000000000000000000e+00 2.399999999999999911e+00 4.600000000000000533e+00 0.000000000000000000e+00 2.399999999999999911e+00 9.400000000000000355e+00 0.000000000000000000e+00
3.599999999999999645e+00 7.600000000000000533e+00 0.000000000000000000e+00 2.399999999999999911e+00 1.059999999999999964e+01 0.000000000000000000e+00 1.199999999999999956e+00 1.799999999999999822e+00 0.000000000000000000e+00 1.199999999999999956e+00 5.999999999999999778e-01 0.000000000000000000e+00
1.199999999999999956e+00 1.019999999999999929e+01 0.000000000000000000e+00 3.599999999999999645e+00 1.239999999999999858e+01 0.000000000000000000e+00 2.399999999999999911e+00 9.400000000000000355e+00 0.000000000000000000e+00 1.199999999999999956e+00 5.400000000000000355e+00 0.000000000000000000e+00
0.000000000000000000e+00 6.000000000000000000e+00 0.000000000000000000e+00 0.000000000000000000e+00 0.000000000000000000e+00 0.000000000000000000e+00 1.199999999999999956e+00 1.019999999999999929e+01 0.000000000000000000e+00 0.000000000000000000e+00 1.199999999999999822e+01 0.000000000000000000e+00
0.000000000000000000e+00 1.199999999999999822e+01 0.000000000000000000e+00 0.000000000000000000e+00 1.199999999999999956e+00 0.000000000000000000e+00 2.399999999999999911e+00 9.400000000000000355e+00 0.000000000000000000e+00 2.399999999999999911e+00 2.200000000000000178e+00 0.000000000000000000e+00
3.599999999999999645e+00 1.000000000000000000e+01 0.000000000000000000e+00 1.199999999999999956e+00 1.139999999999999858e+01 0.000000000000000000e+00 2.399999999999999911e+00 1.000000000000000000e+00 0.000000000000000000e+00 1.199999999999999956e+00 1.799999999999999822e+00 0.000000000000000000e+00
0.000000000000000000e+00 4.799999999999999822e+00 0.000000000000000000e+00 2.399999999999999911e+00 2.200000000000000178e+00 0.000000000000000000e+00 1.199999999999999956e+00 7.800000000000000711e+00 0.000000000000000000e+00 1.199999999999999956e+00 3.000000000000000000e+00 0.000000000000000000e+00
2.399999999999999911e+00 2.200000000000000178e+00 0.000000000000000000e+00 3.599999999999999645e+00 4.000000000000000000e+00 0.000000000000000000e+00 0.000000000000000000e+00 6.000000000000000000e+00 0.000000000000000000e+00 3.599999999999999645e+00 6.400000000000000355e+00 0.000000000000000000e+00
2.399999999999999911e+00 3.400000000000000355e+00 0.000000000000000000e+00 2.399999999999999911e+00 3.400000000000000355e+00 0.000000000000000000e+00 2.399999999999999911e+00 3.400000000000000355e+00 0.000000000000000000e+00 2.399999999999999911e+00 3.400000000000000355e+00 0.000000000000000000e+00
0.000000000000000000e+00 7.200000000000000178e+00 0.000000000000000000e+00 0.000000000000000000e+00 3.599999999999999645e+00 0.000000000000000000e+00 3.599999999999999645e+00 1.600000000000000089e+00 0.000000000000000000e+00 1.199999999999999956e+00 1.379999999999999716e+01 0.000000000000000000e+00
1.199999999999999956e+00 7.800000000000000711e+00 0.000000000000000000e+00 0.000000000000000000e+00 8.400000000000000355e+00 0.000000000000000000e+00 1.199999999999999956e+00 1.499999999999999645e+01 0.000000000000000000e+00 3.599999999999999645e+00 8.800000000000000711e+00 0.000000000000000000e+00
1.199999999999999956e+00 3.000000000000000000e+00 0.000000000000000000e+00 0.000000000000000000e+00 1.199999999999999956e+00 0.000000000000000000e+00 3.599999999999999645e+00 8.800000000000000711e+00 0.000000000000000000e+00 1.199999999999999956e+00 1.379999999999999716e+01 0.000000000000000000e+00
0.000000000000000000e+00 3.599999999999999645e+00 0.000000000000000000e+00 3.599999999999999645e+00 1.239999999999999858e+01 0.000000000000000000e+00 2.399999999999999911e+00 7.000000000000000888e+00 0.000000000000000000e+00 0.000000000000000000e+00 1.199999999999999822e+01 0.000000000000000000e+00
1.199999999999999956e+00 1.139999999999999858e+01 0.000000000000000000e+00 0.000000000000000000e+00 9.599999999999999645e+00 0.000000000000000000e+00 2.399999999999999911e+00 2.200000000000000178e+00 0.000000000000000000e+00 3.599999999999999645e+00 1.000000000000000000e+01 0.000000000000000000e+00
1.199999999999999956e+00 7.800000000000000711e+00 0.000000000000000000e+00 3.599999999999999645e+00 6.400000000000000355e+00 0.000000000000000000e+00 2.399999999999999911e+00 1.059999999999999964e+01 0.000000000000000000e+00 3.599999999999999645e+00 1.000000000000000000e+01 0.000000000000000000e+00
0.000000000000000000e+00 3.599999999999999645e+00 0.000000000000000000e+00 1.199999999999999956e+00 3.000000000000000000e+00 0.000000000000000000e+00 0.000000000000000000e+00 0.000000000000000000e+00 0.000000000000000000e+00 0.000000000000000000e+00 1.199999999999999822e+01 0.000000000000000000e+00
2.399999999999999911e+00 7.000000000000000888e+00 0.000000000000000000e+00 1.199999999999999956e+00 4.200000000000000178e+00 0.000000000000000000e+00 0.000000000000000000e+00 0.000000000000000000e+00 0.000000000000000000e+00 2.399999999999999911e+00 2.200000000000000178e+00 0.000000000000000000e+00
2.399999999999999911e+00 8.200000000000001066e+00 0.000000000000000000e+00 0.000000000000000000e+00 4.799999999999999822e+00 0.000000000000000000e+00 2.399999999999999911e+00 3.400000000000000355e+00 0.000000000000000000e+00 0.000000000000000000e+00 7.200000000000000178e+00 1.000000000000000000e+00
2.399999999999999911e+00 1.000000000000000000e+00 1.000000000000000000e+00 1.199999999999999956e+00 5.400000000000000355e+00 1.000000000000000000e+00 1.199999999999999956e+00 6.600000000000000533e+00 1.000000000000000000e+00 2.399999999999999911e+00 1.059999999999999964e+01 0.000000000000000000e+00
2.399999999999999911e+00 9.400000000000000355e+00 0.000000000000000000e+00 0.000000000000000000e+00 9.599999999999999645e+00 1.000000000000000000e+00 1.199999999999999956e+00 7.800000000000000711e+00 1.000000000000000000e+00 2.399999999999999911e+00 7.000000000000000888e+00 0.000000000000000000e+00
1.199999999999999956e+00 4.200000000000000178e+00 0.000000000000000000e+00 2.399999999999999911e+00 1.059999999999999964e+01 1.000000000000000000e+00 2.399999999999999911e+00 7.000000000000000888e+00 0.000000000000000000e+00 2.399999999999999911e+00 8.200000000000001066e+00 0.000000000000000000e+00
2.399999999999999911e+00 1.299999999999999822e+01 1.000000000000000000e+00 3.599999999999999645e+00 1.239999999999999858e+01 1.000000000000000000e+00 3.599999999999999645e+00 8.800000000000000711e+00 0.000000000000000000e+00 1.199999999999999956e+00 4.200000000000000178e+00 0.000000000000000000e+00
2.399999999999999911e+00 5.800000000000000711e+00 1.000000000000000000e+00 2.399999999999999911e+00 1.000000000000000000e+00 0.000000000000000000e+00 0.000000000000000000e+00 9.599999999999999645e+00 1.000000000000000000e+00 1.199999999999999956e+00 4.200000000000000178e+00 1.000000000000000000e+00
2.399999999999999911e+00 5.800000000000000711e+00 1.000000000000000000e+00 2.399999999999999911e+00 1.179999999999999893e+01 1.000000000000000000e+00 2.399999999999999911e+00 1.000000000000000000e+00 0.000000000000000000e+00 0.000000000000000000e+00 1.199999999999999956e+00 1.000000000000000000e+00
2.399999999999999911e+00 1.059999999999999964e+01 1.000000000000000000e+00 1.199999999999999956e+00 1.499999999999999645e+01 1.000000000000000000e+00 1.199999999999999956e+00 5.400000000000000355e+00 0.000000000000000000e+00 1.199999999999999956e+00 5.999999999999999778e-01 1.000000000000000000e+00
0.000000000000000000e+00 7.200000000000000178e+00 0.000000000000000000e+00 0.000000000000000000e+00 7.200000000000000178e+00 0.000000000000000000e+00 0.000000000000000000e+00 1.079999999999999893e+01 0.000000000000000000e+00 3.599999999999999645e+00 6.400000000000000355e+00 0.000000000000000000e+00
0.000000000000000000e+00 3.599999999999999645e+00 0.000000000000000000e+00 1.199999999999999956e+00 1.259999999999999787e+01 1.000000000000000000e+00 1.199999999999999956e+00 1.379999999999999716e+01 1.000000000000000000e+00 1.199999999999999956e+00 1.019999999999999929e+01 1.000000000000000000e+00
3.599999999999999645e+00 1.000000000000000000e+01 1.000000000000000000e+00 0.000000000000000000e+00 3.599999999999999645e+00 1.000000000000000000e+00 0.000000000000000000e+00 2.399999999999999911e+00 0.000000000000000000e+00 2.399999999999999911e+00 5.800000000000000711e+00 1.000000000000000000e+00
3.599999999999999645e+00 1.000000000000000000e+01 0.000000000000000000e+00 0.000000000000000000e+00 7.200000000000000178e+00 0.000000000000000000e+00 2.399999999999999911e+00 2.200000000000000178e+00 1.000000000000000000e+00 0.000000000000000000e+00 1.319999999999999751e+01 0.000000000000000000e+00
0.000000000000000000e+00 1.319999999999999751e+01 1.000000000000000000e+00 0.000000000000000000e+00 1.199999999999999956e+00 0.000000000000000000e+00 0.000000000000000000e+00 3.599999999999999645e+00 0.000000000000000000e+00 1.199999999999999956e+00 4.200000000000000178e+00 0.000000000000000000e+00
3.599999999999999645e+00 4.000000000000000000e+00 0.000000000000000000e+00 3.599999999999999645e+00 1.239999999999999858e+01 0.000000000000000000e+00 2.399999999999999911e+00 1.179999999999999893e+01 0.000000000000000000e+00 0.000000000000000000e+00 6.000000000000000000e+00 1.000000000000000000e+00
3.599999999999999645e+00 1.600000000000000089e+00 0.000000000000000000e+00 3.599999999999999645e+00 5.200000000000000178e+00 1.000000000000000000e+00 0.000000000000000000e+00 1.199999999999999956e+00 0.000000000000000000e+00 2.399999999999999911e+00 2.200000000000000178e+00 0.000000000000000000e+00
1.199999999999999956e+00 6.600000000000000533e+00 1.000000000000000000e+00 0.000000000000000000e+00 6.000000000000000000e+00 0.000000000000000000e+00 2.399999999999999911e+00 1.299999999999999822e+01 1.000000000000000000e+00 1.199999999999999956e+00 1.139999999999999858e+01 0.000000000000000000e+00
0.000000000000000000e+00 1.319999999999999751e+01 0.000000000000000000e+00 1.199999999999999956e+00 7.800000000000000711e+00 0.000000000000000000e+00 3.599999999999999645e+00 7.600000000000000533e+00 0.000000000000000000e+00 1.199999999999999956e+00 6.600000000000000533e+00 0.000000000000000000e+00
3.599999999999999645e+00 4.000000000000000000e+00 1.000000000000000000e+00 0.000000000000000000e+00 2.399999999999999911e+00 1.000000000000000000e+00 1.199999999999999956e+00 7.800000000000000711e+00 1.000000000000000000e+00 0.000000000000000000e+00 0.000000000000000000e+00 1.000000000000000000e+00
3.599999999999999645e+00 1.600000000000000089e+00 0.000000000000000000e+00 2.399999999999999911e+00 3.400000000000000355e+00 1.000000000000000000e+00 3.599999999999999645e+00 6.400000000000000355e+00 0.000000000000000000e+00 1.199999999999999956e+00 6.600000000000000533e+00 0.000000000000000000e+00
3.599999999999999645e+00 7.600000000000000533e+00 0.000000000000000000e+00 3.599999999999999645e+00 7.600000000000000533e+00 0.000000000000000000e+00 1.199999999999999956e+00 9.000000000000000000e+00 1.000000000000000000e+00 0.000000000000000000e+00 7.200000000000000178e+00 0.000000000000000000e+00
1.199999999999999956e+00 5.400000000000000355e+00 0.000000000000000000e+00 2.399999999999999911e+00 1.000000000000000000e+00 1.000000000000000000e+00 3.599999999999999645e+00 8.800000000000000711e+00 1.000000000000000000e+00 2.399999999999999911e+00 4.600000000000000533e+00 0.000000000000000000e+00
1.199999999999999956e+00 1.799999999999999822e+00 1.000000000000000000e+00 2.399999999999999911e+00 4.600000000000000533e+00 1.000000000000000000e+00 3.599999999999999645e+00 5.200000000000000178e+00 1.000000000000000000e+00 0.000000000000000000e+00 1.199999999999999822e+01 1.000000000000000000e+00
2.399999999999999911e+00 1.179999999999999893e+01 1.000000000000000000e+00 1.199999999999999956e+00 5.400000000000000355e+00 0.000000000000000000e+00 1.199999999999999956e+00 1.799999999999999822e+00 0.000000000000000000e+00 2.399999999999999911e+00 2.200000000000000178e+00 0.000000000000000000e+00
1.199999999999999956e+00 9.000000000000000000e+00 1.000000000000000000e+00 0.000000000000000000e+00 2.399999999999999911e+00 1.000000000000000000e+00 1.199999999999999956e+00 4.200000000000000178e+00 0.000000000000000000e+00 2.399999999999999911e+00 1.000000000000000000e+00 0.000000000000000000e+00
1.199999999999999956e+00 1.019999999999999929e+01 0.000000000000000000e+00 1.199999999999999956e+00 1.259999999999999787e+01 0.000000000000000000e+00 1.199999999999999956e+00 1.019999999999999929e+01 0.000000000000000000e+00 0.000000000000000000e+00 8.400000000000000355e+00 0.000000000000000000e+00
3.599999999999999645e+00 1.119999999999999929e+01 1.000000000000000000e+00 0.000000000000000000e+00 3.599999999999999645e+00 1.000000000000000000e+00 3.599999999999999645e+00 6.400000000000000355e+00 0.000000000000000000e+00 2.399999999999999911e+00 1.000000000000000000e+00 1.000000000000000000e+00
1.199999999999999956e+00 5.400000000000000355e+00 1.000000000000000000e+00 0.000000000000000000e+00 3.599999999999999645e+00 1.000000000000000000e+00 0.000000000000000000e+00 1.319999999999999751e+01 1.000000000000000000e+00 3.599999999999999645e+00 7.600000000000000533e+00 0.000000000000000000e+00
0.000000000000000000e+00 4.799999999999999822e+00 0.000000000000000000e+00 2.399999999999999911e+00 7.000000000000000888e+00 0.000000000000000000e+00 2.399999999999999911e+00 2.200000000000000178e+00 1.000000000000000000e+00 0.000000000000000000e+00 1.079999999999999893e+01 0.000000000000000000e+00
0.000000000000000000e+00 7.200000000000000178e+00 1.000000000000000000e+00 2.399999999999999911e+00 3.400000000000000355e+00 0.000000000000000000e+00 1.199999999999999956e+00 4.200000000000000178e+00 0.000000000000000000e+00 2.399999999999999911e+00 1.059999999999999964e+01 1.000000000000000000e+00
3.599999999999999645e+00 7.600000000000000533e+00 0.000000000000000000e+00 3.599999999999999645e+00 5.200000000000000178e+00 0.000000000000000000e+00 2.399999999999999911e+00 3.400000000000000355e+00 1.000000000000000000e+00 0.000000000000000000e+00 1.079999999999999893e+01 1.000000000000000000e+00
0.000000000000000000e+00 1.079999999999999893e+01 0.000000000000000000e+00 3.599999999999999645e+00 5.200000000000000178e+00 0.000000000000000000e+00 0.000000000000000000e+00 1.199999999999999822e+01 1.000000000000000000e+00 3.599999999999999645e+00 8.800000000000000711e+00 1.000000000000000000e+00
1.199999999999999956e+00 7.800000000000000711e+00 0.000000000000000000e+00 2.399999999999999911e+00 1.179999999999999893e+01 1.000000000000000000e+00 3.599999999999999645e+00 6.400000000000000355e+00 0.000000000000000000e+00 3.599999999999999645e+00 1.239999999999999858e+01 0.000000000000000000e+00
0.000000000000000000e+00 4.799999999999999822e+00 0.000000000000000000e+00 0.000000000000000000e+00 2.399999999999999911e+00 0.000000000000000000e+00 1.199999999999999956e+00 7.800000000000000711e+00 1.000000000000000000e+00 1.199999999999999956e+00 1.259999999999999787e+01 1.000000000000000000e+00
0.000000000000000000e+00 1.079999999999999893e+01 0.000000000000000000e+00 0.000000000000000000e+00 6.000000000000000000e+00 1.000000000000000000e+00 1.199999999999999956e+00 5.400000000000000355e+00 0.000000000000000000e+00 1.199999999999999956e+00 5.400000000000000355e+00 1.000000000000000000e+00
0.000000000000000000e+00 6.000000000000000000e+00 1.000000000000000000e+00 2.399999999999999911e+00 9.400000000000000355e+00 1.000000000000000000e+00 0.000000000000000000e+00 1.199999999999999822e+01 0.000000000000000000e+00 0.000000000000000000e+00 0.000000000000000000e+00 1.000000000000000000e+00
3.599999999999999645e+00 6.400000000000000355e+00 0.000000000000000000e+00 1.199999999999999956e+00 5.400000000000000355e+00 1.000000000000000000e+00 1.199999999999999956e+00 3.000000000000000000e+00 1.000000000000000000e+00 0.000000000000000000e+00 3.599999999999999645e+00 1.000000000000000000e+00
2.399999999999999911e+00 5.800000000000000711e+00 0.000000000000000000e+00 1.199999999999999956e+00 9.000000000000000000e+00 0.000000000000000000e+00 2.399999999999999911e+00 4.600000000000000533e+00 1.000000000000000000e+00 3.599999999999999645e+00 1.600000000000000089e+00 1.000000000000000000e+00
0.000000000000000000e+00 1.199999999999999822e+01 0.000000000000000000e+00 1.199999999999999956e+00 7.800000000000000711e+00 0.000000000000000000e+00 0.000000000000000000e+00 9.599999999999999645e+00 1.000000000000000000e+00 0.000000000000000000e+00 6.000000000000000000e+00 1.000000000000000000e+00
2.399999999999999911e+00 1.000000000000000000e+00 0.000000000000000000e+00 2.399999999999999911e+00 7.000000000000000888e+00 0.000000000000000000e+00 1.199999999999999956e+00 3.000000000000000000e+00 0.000000000000000000e+00 2.399999999999999911e+00 1.000000000000000000e+00 0.000000000000000000e+00
2.399999999999999911e+00 1.059999999999999964e+01 0.000000000000000000e+00 1.199999999999999956e+00 1.379999999999999716e+01 1.000000000000000000e+00 1.199999999999999956e+00 4.200000000000000178e+00 0.000000000000000000e+00 0.000000000000000000e+00 9.599999999999999645e+00 0.000000000000000000e+00
2.399999999999999911e+00 9.400000000000000355e+00 0.000000000000000000e+00 2.399999999999999911e+00 7.000000000000000888e+00 1.000000000000000000e+00 2.399999999999999911e+00 1.059999999999999964e+01 0.000000000000000000e+00 1.199999999999999956e+00 1.379999999999999716e+01 1.000000000000000000e+00
2.399999999999999911e+00 4.600000000000000533e+00 1.000000000000000000e+00 2.399999999999999911e+00 5.800000000000000711e+00 1.000000000000000000e+00 1.199999999999999956e+00 1.259999999999999787e+01 1.000000000000000000e+00 1.199999999999999956e+00 6.600000000000000533e+00 1.000000000000000000e+00
1.199999999999999956e+00 1.259999999999999787e+01 0.000000000000000000e+00 1.199999999999999956e+00 1.799999999999999822e+00 1.000000000000000000e+00 1.199999999999999956e+00 3.000000000000000000e+00 0.000000000000000000e+00 0.000000000000000000e+00 1.199999999999999956e+00 1.000000000000000000e+00
1.199999999999999956e+00 1.019999999999999929e+01 0.000000000000000000e+00 0.000000000000000000e+00 1.079999999999999893e+01 1.000000000000000000e+00 3.599999999999999645e+00 7.600000000000000533e+00 1.000000000000000000e+00 3.599999999999999645e+00 4.000000000000000000e+00 1.000000000000000000e+00
0.000000000000000000e+00 0.000000000000000000e+00 0.000000000000000000e+00 0.000000000000000000e+00 8.400000000000000355e+00 1.000000000000000000e+00 0.000000000000000000e+00 7.200000000000000178e+00 1.000000000000000000e+00 0.000000000000000000e+00 1.199999999999999822e+01 0.000000000000000000e+00
2.399999999999999911e+00 1.179999999999999893e+01 0.000000000000000000e+00 3.599999999999999645e+00 2.799999999999999822e+00 0.000000000000000000e+00 3.599999999999999645e+00 6.400000000000000355e+00 0.000000000000000000e+00 2.399999999999999911e+00 8.200000000000001066e+00 1.000000000000000000e+00
1.199999999999999956e+00 1.799999999999999822e+00 0.000000000000000000e+00 3.599999999999999645e+00 5.200000000000000178e+00 1.000000000000000000e+00 1.199999999999999956e+00 7.800000000000000711e+00 0.000000000000000000e+00 2.399999999999999911e+00 9.400000000000000355e+00 0.000000000000000000e+00
1.199999999999999956e+00 1.799999999999999822e+00 0.000000000000000000e+00 2.399999999999999911e+00 1.299999999999999822e+01 0.000000000000000000e+00 0.000000000000000000e+00 1.079999999999999893e+01 1.000000000000000000e+00 1.199999999999999956e+00 4.200000000000000178e+00 0.000000000000000000e+00
3.599999999999999645e+00 4.000000000000000000e+00 1.000000000000000000e+00 0.000000000000000000e+00 1.079999999999999893e+01 1.000000000000000000e+00 0.000000000000000000e+00 1.079999999999999893e+01 1.000000000000000000e+00 2.399999999999999911e+00 7.000000000000000888e+00 0.000000000000000000e+00
1.199999999999999956e+00 4.200000000000000178e+00 1.000000000000000000e+00 2.399999999999999911e+00 1.059999999999999964e+01 0.000000000000000000e+00 2.399999999999999911e+00 8.200000000000001066e+00 0.000000000000000000e+00 1.199999999999999956e+00 1.499999999999999645e+01 0.000000000000000000e+00
1.199999999999999956e+00 1.379999999999999716e+01 0.000000000000000000e+00 3.599999999999999645e+00 1.000000000000000000e+01 1.000000000000000000e+00 1.199999999999999956e+00 1.499999999999999645e+01 0.000000000000000000e+00 3.599999999999999645e+00 1.600000000000000089e+00 1.000000000000000000e+00
3.599999999999999645e+00 1.000000000000000000e+01 0.000000000000000000e+00 0.000000000000000000e+00 1.079999999999999893e+01 0.000000000000000000e+00 0.000000000000000000e+00 1.079999999999999893e+01 0.000000000000000000e+00 1.199999999999999956e+00 5.400000000000000355e+00 1.000000000000000000e+00
0.000000000000000000e+00 8.400000000000000355e+00 0.000000000000000000e+00 3.599999999999999645e+00 5.200000000000000178e+00 0.000000000000000000e+00 3.599999999999999645e+00 4.000000000000000000e+00 0.000000000000000000e+00 3.599999999999999645e+00 2.799999999999999822e+00 1.000000000000000000e+00
3.599999999999999645e+00 5.200000000000000178e+00 1.000000000000000000e+00 3.599999999999999645e+00 1.600000000000000089e+00 1.000000000000000000e+00 3.599999999999999645e+00 1.000000000000000000e+01 1.000000000000000000e+00 1.199999999999999956e+00 1.139999999999999858e+01 1.000000000000000000e+00
1.199999999999999956e+00 1.379999999999999716e+01 1.000000000000000000e+00 1.199999999999999956e+00 1.139999999999999858e+01 0.000000000000000000e+00 1.199999999999999956e+00 5.999999999999999778e-01 1.000000000000000000e+00 3.599999999999999645e+00 2.799999999999999822e+00 0.000000000000000000e+00
3.599999999999999645e+00 1.600000000000000089e+00 0.000000000000000000e+00 3.599999999999999645e+00 1.119999999999999929e+01 0.000000000000000000e+00 2.399999999999999911e+00 7.000000000000000888e+00 1.000000000000000000e+00 1.199999999999999956e+00 1.799999999999999822e+00 0.000000000000000000e+00
1.199999999999999956e+00 3.000000000000000000e+00 0.000000000000000000e+00 1.199999999999999956e+00 5.400000000000000355e+00 1.000000000000000000e+00 0.000000000000000000e+00 4.799999999999999822e+00 0.000000000000000000e+00 2.399999999999999911e+00 2.200000000000000178e+00 1.000000000000000000e+00
0.000000000000000000e+00 0.000000000000000000e+00 0.000000000000000000e+00 1.199999999999999956e+00 3.000000000000000000e+00 1.000000000000000000e+00 1.199999999999999956e+00 3.000000000000000000e+00 1.000000000000000000e+00 3.599999999999999645e+00 2.799999999999999822e+00 1.000000000000000000e+00
2.399999999999999911e+00 5.800000000000000711e+00 1.000000000000000000e+00 0.000000000000000000e+00 9.599999999999999645e+00 1.000000000000000000e+00 3.599999999999999645e+00 1.119999999999999929e+01 1.000000000000000000e+00 1.199999999999999956e+00 7.800000000000000711e+00 0.000000000000000000e+00
3.599999999999999645e+00 5.200000000000000178e+00 1.000000000000000000e+00 2.399999999999999911e+00 5.800000000000000711e+00 1.000000000000000000e+00 3.599999999999999645e+00 2.799999999999999822e+00 0.000000000000000000e+00 0.000000000000000000e+00 1.199999999999999956e+00 1.000000000000000000e+00
1.199999999999999956e+00 1.019999999999999929e+01 0.000000000000000000e+00 1.199999999999999956e+00 6.600000000000000533e+00 0.000000000000000000e+00 2.399999999999999911e+00 1.059999999999999964e+01 1.000000000000000000e+00 2.399999999999999911e+00 7.000000000000000888e+00 0.000000000000000000e+00
1.199999999999999956e+00 1.139999999999999858e+01 0.000000000000000000e+00 0.000000000000000000e+00 1.199999999999999956e+00 1.000000000000000000e+00 1.199999999999999956e+00 6.600000000000000533e+00 0.000000000000000000e+00 2.399999999999999911e+00 1.299999999999999822e+01 0.000000000000000000e+00
0.000000000000000000e+00 2.399999999999999911e+00 0.000000000000000000e+00 1.199999999999999956e+00 1.499999999999999645e+01 0.000000000000000000e+00 3.599999999999999645e+00 4.000000000000000000e+00 1.000000000000000000e+00 3.599999999999999645e+00 2.799999999999999822e+00 1.000000000000000000e+00
1.199999999999999956e+00 9.000000000000000000e+00 0.000000000000000000e+00 3.599999999999999645e+00 2.799999999999999822e+00 0.000000000000000000e+00 3.599999999999999645e+00 1.600000000000000089e+00 1.000000000000000000e+00 3.599999999999999645e+00 1.600000000000000089e+00 1.000000000000000000e+00
1.199999999999999956e+00 6.600000000000000533e+00 1.000000000000000000e+00 1.199999999999999956e+00 6.600000000000000533e+00 1.000000000000000000e+00 3.599999999999999645e+00 5.200000000000000178e+00 1.000000000000000000e+00 2.399999999999999911e+00 7.000000000000000888e+00 0.000000000000000000e+00
1.199999999999999956e+00 1.139999999999999858e+01 0.000000000000000000e+00 2.399999999999999911e+00 7.000000000000000888e+00 1.000000000000000000e+00 0.000000000000000000e+00 4.799999999999999822e+00 1.000000000000000000e+00 3.599999999999999645e+00 5.200000000000000178e+00 1.000000000000000000e+00
0.000000000000000000e+00 3.599999999999999645e+00 0.000000000000000000e+00 2.399999999999999911e+00 7.000000000000000888e+00 0.000000000000000000e+00 0.000000000000000000e+00 9.599999999999999645e+00 0.000000000000000000e+00 1.199999999999999956e+00 1.499999999999999645e+01 1.000000000000000000e+00
3.599999999999999645e+00 4.000000000000000000e+00 0.000000000000000000e+00 2.399999999999999911e+00 1.059999999999999964e+01 1.000000000000000000e+00 2.399999999999999911e+00 7.000000000000000888e+00 0.000000000000000000e+00 1.199999999999999956e+00 7.800000000000000711e+00 1.000000000000000000e+00
3.599999999999999645e+00 1.119999999999999929e+01 0.000000000000000000e+00 0.000000000000000000e+00 1.319999999999999751e+01 1.000000000000000000e+00 1.199999999999999956e+00 1.259999999999999787e+01 1.000000000000000000e+00 2.399999999999999911e+00 7.000000000000000888e+00 1.000000000000000000e+00
2.399999999999999911e+00 7.000000000000000888e+00 0.000000000000000000e+00 1.199999999999999956e+00 4.200000000000000178e+00 1.000000000000000000e+00 2.399999999999999911e+00 7.000000000000000888e+00 1.000000000000000000e+00 2.399999999999999911e+00 5.800000000000000711e+00 1.000000000000000000e+00
1.199999999999999956e+00 6.600000000000000533e+00 1.000000000000000000e+00 0.000000000000000000e+00 1.079999999999999893e+01 1.000000000000000000e+00 3.599999999999999645e+00 1.600000000000000089e+00 1.000000000000000000e+00 0.000000000000000000e+00 2.399999999999999911e+00 1.000000000000000000e+00
1.199999999999999956e+00 6.600000000000000533e+00 0.000000000000000000e+00 3.599999999999999645e+00 6.400000000000000355e+00 1.000000000000000000e+00 3.599999999999999645e+00 6.400000000000000355e+00 1.000000000000000000e+00 0.000000000000000000e+00 9.599999999999999645e+00 0.000000000000000000e+00
1.199999999999999956e+00 9.000000000000000000e+00 1.000000000000000000e+00 3.599999999999999645e+00 1.000000000000000000e+01 1.000000000000000000e+00 2.399999999999999911e+00 1.059999999999999964e+01 0.000000000000000000e+00 3.599999999999999645e+00 4.000000000000000000e+00 0.000000000000000000e+00
3.599999999999999645e+00 1.000000000000000000e+01 1.000000000000000000e+00 0.000000000000000000e+00 1.199999999999999822e+01 0.000000000000000000e+00 2.399999999999999911e+00 3.400000000000000355e+00 1.000000000000000000e+00 1.199999999999999956e+00 1.379999999999999716e+01 0.000000000000000000e+00
2.399999999999999911e+00 1.299999999999999822e+01 1.000000000000000000e+00 2.399999999999999911e+00 8.200000000000001066e+00 1.000000000000000000e+00 2.399999999999999911e+00 2.200000000000000178e+00 1.000000000000000000e+00 2.399999999999999911e+00 5.800000000000000711e+00 0.000000000000000000e+00
0.000000000000000000e+00 1.319999999999999751e+01 1.000000000000000000e+00 0.000000000000000000e+00 8.400000000000000355e+00 0.000000000000000000e+00 1.199999999999999956e+00 1.019999999999999929e+01 1.000000000000000000e+00 2.399999999999999911e+00 1.000000000000000000e+00 0.000000000000000000e+00
3.599999999999999645e+00 4.000000000000000000e+00 0.000000000000000000e+00 2.399999999999999911e+00 7.000000000000000888e+00 0.000000000000000000e+00 1.199999999999999956e+00 1.259999999999999787e+01 0.000000000000000000e+00 3.599999999999999645e+00 8.800000000000000711e+00 0.000000000000000000e+00
2.399999999999999911e+00 1.299999999999999822e+01 0.000000000000000000e+00 2.399999999999999911e+00 7.000000000000000888e+00 1.000000000000000000e+00 1.199999999999999956e+00 7.800000000000000711e+00 0.000000000000000000e+00 2.399999999999999911e+00 2.200000000000000178e+00 0.000000000000000000e+00
1.199999999999999956e+00 9.000000000000000000e+00 1.000000000000000000e+00 3.599999999999999645e+00 8.800000000000000711e+00 1.000000000000000000e+00 2.399999999999999911e+00 1.299999999999999822e+01 0.000000000000000000e+00 1.199999999999999956e+00 1.379999999999999716e+01 1.000000000000000000e+00
1.199999999999999956e+00 1.499999999999999645e+01 0.000000000000000000e+00 0.000000000000000000e+00 1.079999999999999893e+01 0.000000000000000000e+00 2.399999999999999911e+00 7.000000000000000888e+00 1.000000000000000000e+00 1.199999999999999956e+00 1.139999999999999858e+01 0.000000000000000000e+00
1.199999999999999956e+00 1.499999999999999645e+01 1.000000000000000000e+00 1.199999999999999956e+00 4.200000000000000178e+00 0.000000000000000000e+00 3.599999999999999645e+00 6.400000000000000355e+00 0.000000000000000000e+00 2.399999999999999911e+00 1.059999999999999964e+01 1.000000000000000000e+00
0.000000000000000000e+00 7.200000000000000178e+00 1.000000000000000000e+00 0.000000000000000000e+00 8.400000000000000355e+00 1.000000000000000000e+00 1.199999999999999956e+00 7.800000000000000711e+00 1.000000000000000000e+00 0.000000000000000000e+00 1.199999999999999822e+01 0.000000000000000000e+00
2.399999999999999911e+00 1.179999999999999893e+01 0.000000000000000000e+00 3.599999999999999645e+00 8.800000000000000711e+00 1.000000000000000000e+00 1.199999999999999956e+00 6.600000000000000533e+00 0.000000000000000000e+00 1.199999999999999956e+00 5.400000000000000355e+00 0.000000000000000000e+00
1.199999999999999956e+00 1.019999999999999929e+01 0.000000000000000000e+00 0.000000000000000000e+00 1.199999999999999822e+01 0.000000000000000000e+00 2.399999999999999911e+00 3.400000000000000355e+00 0.000000000000000000e+00 3.599999999999999645e+00 6.400000000000000355e+00 1.000000000000000000e+00
0.000000000000000000e+00 9.599999999999999645e+00 0.000000000000000000e+00 0.000000000000000000e+00 0.000000000000000000e+00 0.000000000000000000e+00 0.000000000000000000e+00 1.079999999999999893e+01 0.000000000000000000e+00 1.199999999999999956e+00 4.200000000000000178e+00 0.000000000000000000e+00
3.599999999999999645e+00 1.000000000000000000e+01 1.000000000000000000e+00 0.000000000000000000e+00 1.199999999999999956e+00 0.000000000000000000e+00 3.599999999999999645e+00 8.800000000000000711e+00 1.000000000000000000e+00 3.599999999999999645e+00 7.600000000000000533e+00 1.000000000000000000e+00
3.599999999999999645e+00 1.000000000000000000e+01 0.000000000000000000e+00 3.599999999999999645e+00 7.600000000000000533e+00 1.000000000000000000e+00 2.399999999999999911e+00 9.400000000000000355e+00 1.000000000000000000e+00 2.399999999999999911e+00 5.800000000000000711e+00 1.000000000000000000e+00
3.599999999999999645e+00 7.600000000000000533e+00 1.000000000000000000e+00 2.399999999999999911e+00 3.400000000000000355e+00 1.000000000000000000e+00 3.599999999999999645e+00 1.239999999999999858e+01 1.000000000000000000e+00 0.000000000000000000e+00 7.200000000000000178e+00 1.000000000000000000e+00
0.000000000000000000e+00 2.399999999999999911e+00 1.000000000000000000e+00 3.599999999999999645e+00 4.000000000000000000e+00 0.000000000000000000e+00 2.399999999999999911e+00 1.000000000000000000e+00 0.000000000000000000e+00 1.199999999999999956e+00 5.999999999999999778e-01 0.000000000000000000e+00
1.199999999999999956e+00 6.600000000000000533e+00 1.000000000000000000e+00 0.000000000000000000e+00 1.199999999999999956e+00 1.000000000000000000e+00 1.199999999999999956e+00 3.000000000000000000e+00 0.000000000000000000e+00 3.599999999999999645e+00 1.600000000000000089e+00 0.000000000000000000e+00
0.000000000000000000e+00 1.199999999999999956e+00 1.000000000000000000e+00 0.000000000000000000e+00 2.399999999999999911e+00 1.000000000000000000e+00 2.399999999999999911e+00 1.179999999999999893e+01 0.000000000000000000e+00 0.000000000000000000e+00 7.200000000000000178e+00 0.000000000000000000e+00
1.199999999999999956e+00 1.799999999999999822e+00 1.000000000000000000e+00 3.599999999999999645e+00 8.800000000000000711e+00 0.000000000000000000e+00 0.000000000000000000e+00 1.199999999999999822e+01 1.000000000000000000e+00 0.000000000000000000e+00 1.319999999999999751e+01 0.000000000000000000e+00
